ATF	1.0
3	2
"Array Data : d:\taylor_temp\ChAT GrC APs\16729003_MA.abf"
"MaxArray1 :  274"
"MaxArray2 :  1"
"Array #1"	"Array #2"
 18.69998	 0
 990.15
 9.800049
 989.7
 1000
 10.19995
 1989.7
 1010.75
 989.5
 999.7495
 1011
 988.9502
 11.40039
 982
 7.25
 11.0498
 988.4502
 10.7002
 990.6494
 990.7002
 8.299805
 999.4004
 10.5498
 989.8008
 1000
 1000.85
 998.9492
 11.25
 980.9512
 8.599609
 999.6504
 1991.449
 8.199219
 992.2012
 19.04883
 989.3516
 999.2988
 10.75
 989.3496
 1010.352
 980.8984
 20.15039
 989.1504
 9.75
 990.9004
 999.1504
 10.09961
 999.9512
 33989.3
 1000.203
 999.9453
 10.65625
 989.3984
 1001
 1001.547
 7.75
 990.25
 1000
 999.75
 999.8984
 11.15625
 981.25
 1008.297
 1000.398
 1000.5
 999
 9.398438
 990.2031
 10.39844
 982.25
 7.75
 999.3516
 3.898438
 5.851563
 980.6016
 9.796875
 999.8984
 992.3047
 7.398438
 10.29688
 990.2031
 10.04688
 989.5547
 1000.148
 999.7969
 11.05469
 989.3984
 999.8516
 4.351563
 1995.297
 1000.25
 10.79688
 989
 992.1563
 8.046875
 1000
 3.703125
 996.1953
 3.453125
 996.6953
 3.304688
 996.8516
 10.69531
 980.3984
 1008.906
 999.5938
 999.9063
 12.19531
 988.1484
 10.70313
 989.1016
 4.546875
 5.898438
 980.8047
 8.796875
 999.8047
 11.39844
 989.6016
 999.2969
 991.7031
 9.898438
 989.7969
 9.398438
 998.9531
 3.648438
 990.1484
 6.15625
 991.75
 8.398438
 991.8516
 8.898438
 1000.102
 10.25
 989.3984
 9.898438
 980.5469
 3.703125
 6.046875
 999.1563
 3.796875
 7.203125
 988.8438
 3.101563
 8.703125
 982.0469
 6.203125
 10.04688
 4.453125
 978.1484
 7.796875
 10.5
 981
 8.25
 991.9531
 8.648438
 990.8516
 8.703125
 10.34375
 981.1563
 4
 5.59375
 9
 981.8047
 8.195313
 4.5
 6.054688
 980.1953
 4.90625
 4.34375
 10.85938
 980.0469
 4
 5.203125
 10.39063
 989.1094
 11.14063
 981.1094
 5.34375
 3.09375
 10.3125
 980.8906
 8.703125
 990.3438
 9.359375
 10.29688
 5.59375
 983.75
 10.70313
 982
 7.40625
 10.34375
 983.8594
 5.75
 10.54688
 983
 6.796875
 999.6563
 2.890625
 7.203125
 990.75
 3.59375
 6.0625
 982.0469
 7.390625
 5.953125
 4.453125
 980.8438
 6
 3.15625
 10.29688
 980.4531
 9.046875
 1000.297
 4.75
 5.75
 980.9531
 8.046875
 12.15625
 987.9531
 2.953125
 7.6875
 989.3125
 3.890625
 7.046875
 983.8594
 5.296875
 992.25
 7.65625
 11.09375
 980.7031
 4.703125
 4.09375
 10.70313
 981.0469
 7.546875
 11
 981.25
 8
 10.04688
 4.5
 976.6563
 9.25
 10.15625
 981.4375
 7.859375
 10.39063
 989.6563
 10.04688
 984.5469
 5.25
 11.25
 980.3594
 8.5
 10.95313
 981.7969
 7.390625
 10.10938
 989.6406
 3.5625
 6.59375
 990.25
 3.09375
 6.953125
 981.6094
 7.84375
 14.45313
 985.7031
 10.5
 992.1406
 9.046875
 31327.11
 22.79688
 562.9531
 97.89063
